$ 1 0.000005 19.867427341514983 78 5 43 5e-11
r 208 160 208 256 0 62
c 304 352 416 352 2 0.000009999999999999999 2.499103693728903 -10
r 416 160 416 256 0 470000
v -48 160 -48 256 0 1 50 325 0 0 0.5
T 96 160 208 256 2 1 0.0005555555555555556 -0.06072299509146393 -0.00002402141687517234 0.999
r 416 256 416 352 0 470000
g 416 352 560 352 0 0
w 304 352 208 352 0
w 208 160 304 160 0
w 208 256 208 352 0
R 416 160 560 160 0 0 40 5 0 0 0.5
w -48 160 96 160 0
w 0 256 0 368 0
w 96 256 96 368 0
181 0 368 96 368 0 2889.032725043169 10 230 0.4 0.4
O 416 256 576 256 3 1
w -48 256 0 256 0
w 304 160 304 256 0
w 304 256 416 256 0
o 14 64 0 x161203 2193.951018557278 0.27765278006014044 0 2 1 0 14 3
o 3 64 0 x125003 640 0.4 1 2 3 3
o 15 64 0 x145003 0.09673590630534037 0.0001 2 1 1
38 4 F1 1 1800 2000 -1 Ratio
38 14 F1 0 10 4000 -1 Nominal\sPower
